487
594
83
139
938
276
730
876
350
848
644
652
457
174
216
916
423
439
321
128
682
262
108
474
549
959
498
68
323
162
60
684
950
986
308
421
282
395
34
657
128
703
164
50
946
593
443
43
934
628
940
279
158
657
165
529
85
640
597
296
194
611
794
354
996
286
357
896
982
106
521
620
3
45
479
764
614
96
375
780
722
2
494
739
739
844
653
11
691
30
957
337
458
882
996
958
902
813
721
249
78
249
761
936
417
206
815
221
52
945
6
627
606
117
423
739
695
796
970
383
986
499
391
264
868
905
245
53
79
925
658
719
904
116
856
778
15
230
522
302
33
511
817
624
96
727
439
685
663
823
530
684
125
649
413
170
559
656
993
932
98
147
570
983
197
415
572
522
934
479
372
626
668
913
125
508
724
315
803
456
941
90
336
657
101
443
725
886
173
813
616
950
127
189
183
202
868
885
75
777
679
196
418
314
482
147
660
969
70
249
432
395
778
25
522
16
605
349
331
615
682
880
277
784
476
935
543
852
993
709
338
472
655
272
660
772
807
256
247
527
298
858
602
77
138
271
675
146
958
844
497
364
594
806
31
19
92
869
544
619
463
657
342
33
441
796
734
877
277
783
647
775
560
516
801
488
310
280
673
343
533
594
156
866
246
221
905
408
832
360
322
74
792
380
329
331
349
622
826
103
169
948
177
594
312
327
773
519
351
67
569
978
109
616
421
922
826
584
766
226
996
954
116
429
474
447
544
966
989
328
895
620
113
743
409
896
492
383
214
627
410
757
776
748
902
734
590
21
646
297
870
99
962
75
580
121
421
697
220
236
295
139
765
174
217
911
716
274
145
486
549
85
582
973
474
580
835
296
261
916
316
82
510
382
303
47
290
350
72
572
739
583
776
44
333
377
240
21
42
575
656
720
568
43
441
939
927
886
149
190
573
840
739
912
549
375
853
13
435
181
863
163
289
471
668
257
588
658
80
787
126
583
111
299
684
401
329
252
144
320
246
865
489
343
523
790
89
165
224
444
508
999
349
964
849
26
848
756
499
293
234
119
451
239
513
704
10
775
816
130
870
209
378
515
668
782
743
347
80
597
810
240
84
522
436
974
4
599
651
925
647
415
885
136
523
757
226
635
152
328
402
30
690
333
972
90
507
807
767
223
946
784
504
157
71
387
666
254
622
804
240
239
777
589
295
644
474
108
326
221
361
832
401
619
850
6
732
930
671
301
172
572
257
616
96
585
266
655
239
272
203
773
433
690
902
789
575
464
502
310
729
30
231
486
510
614
241
72
60
63
818
887
321
182
259
137
665
933
482
215
4
776
584
434
64
582
418
125
702
283
522
468
188
457
316
833
1
465
296
304
141
556
481
808
531
588
504
865
369
660
666
576
746
302
747
823
969
829
594
385
641
963
608
854
204
615
321
518
743
334
647
449
241
740
786
457
909
841
487
941
768
185
357
125
746
879
674
882
848
60
465
998
810
250
377
856
170
700
725
532
776
747
526
717
385
298
788
502
612
578
811
753
368
962
540
37
480
176
410
566
803
101
299
485
258
696
385
117
60
549
261
408
401
507
409
494
518
299
53
353
768
147
510
737
87
625
882
981
813
273
446
754
625
553
236
169
346
873
600
535
240
940
396
661
71
467
595
927
353
162
673
819
784
670
735
484
416
565
331
743
774
794
892
632
360
548
750
583
367
48
306
998
699
45
879
712
947
501
573
27
47
27
460
823
372
57
205
90
176
929
737
772
407
116
77
692
937
717
364
686
914
513
114
210
998
205
710
8
458
197
919
698
718
498
755
467
682
711
466
921
315
794
500
770
661
825
555
761
665
908
514
351
197
130
932
615
498
883
854
750
654
918
978
760
647
246
579
35
375
18
677
424
476
351
508
63
977
327
301
990
725
474
917
702
932
931
703
227
587
908
85
655
564
930
648
912
298
167
871
543
122
640
857
68
701
804
999
813
139
977
248
773
380
670
41
834
635
250
632
913
880
803
121
445
608
445
242
771
755
557
264
59
1
249
548
936
250
955
460
921
595
253
940
124
262
736
601
835
723
416
679
766
175
724
451
413
565
684
621
365
770
12
560
21
681
338
50
733
812
189
734
497
491
225
824
921
883
891
699
484
928
141
831
421
532
465
407
62
284
490
738
140
648
669
580
628
4
909
283
80
80
874
126
550
974
244
603
863
100
592
111
680
134
976
130
411
815
275
617
467
671
824
444
881
529
875
310
622
380
461
264
455
391
35
164
986
429
690
764
914
388
835
153
957
4
948
504
321
948
134
967
462
923
161
402
186
403
107
750
649
624
764
916
621
317
947
470
991
766
595
248
567
33
183
743
12
326
814
472
448
442
272
856
730
803
242
175
831
140
252
880
1
351
657
277
692
170
646
717
969
70
49
119
812
669
387
662
195
114
776
865
721
771
274
952
749
500
838
108
192
361
665
383
94
226
166
904
520
13
186
209
616
123
763
508
186
82
674
729
716
186
83
987
687
172
298
723
513
140
821
260
75
576
739
529
610
785
41
114
451
355
897
36
471
713
667
324
218
849
241
199
967
382
201
599
892
20
778
293
350
726
795
60
446
431
358
608
69
138
79
82
787
373
620
867
389
284
559
370
231
871
559
505
33
367
169
341
457
409
549
736
416
593
92
93
350
816
233
642
815
960
961
39
681
320
917
661
856
5
995
64
586
462
85
640
253
280
633
652
180
873
953
846
218
164
136
898
170
786
765
578
551
810
495
482
251
271
644
914
693
580
57
70
22
535
946
809
134
733
888
777
472
105
759
16
92
223
327
41
729
239
465
347
56
343
971
830
614
217
186
811
43
380
381
561
923
609
152
61
744
455
997
931
426
561
845
967
409
815
457
790
59
343
167
198
546
863
659
141
217
743
768
764
929
77
145
710
639
255
666
444
805
742
441
455
956
516
933
735
798
902
383
185
805
770
276
853
145
633
875
124
278
953
1
38
382
131
502
352
982
741
762
120
174
525
938
72
523
533
281
33
895
724
395
361
277
104
145
382
964
844
492
486
487
794
745
967
978
780
270
308
107
449
670
172
298
842
245
269
330
587
363
648
302
62
675
120
966
957
772
713
816
57
557
334
671
112
167
761
832
484
326
991
657
494
592
997
988
175
980
681
804
994
66
227
157
989
43
521
742
868
856
351
638
999
90
637
917
154
139
582
74
219
724
497
930
938
113
410
142
235
526
673
291
415
631
381
669
331
661
553
320
618
183
980
974
824
566
525
518
568
129
768
546
110
356
97
913
559
526
925
36
433
538
848
863
568
217
203
41
660
392
583
20
301
4
563
135
144
430
596
363
47
827
289
218
417
681
631
341
431
670
88
433
95
602
961
599
558
368
607
499
531
137
664
241
285
893
621
802
766
399
868
354
828
17
59
976
624
599
809
202
120
268
596
105
683
852
719
768
787
783
81
487
124
568
389
79
557
781
227
345
378
539
869
403
152
135
408
649
252
328
243
476
256
221
372
146
478
585
705
510
115
920
375
162
824
109
258
420
276
95
51
396
574
62
487
673
876
243
205
386
612
889
431
772
652
316
278
446
284
300
528
257
759
968
13
380
112
27
90
357
862
852
644
712
799
329
462
423
360
927
207
157
191
995
458
298
692
845
830
467
325
651
711
617
964
373
921
933
530
477
111
106
149
176
393
631
681
629
71
134
583
560
144
320
401
480
72
553
225
149
237
31
316
985
926
854
234
994
934
921
254
647
964
48
38
436
720
578
403
636
434
928
494
696
603
179
703
88
855
195
782
396
32
143
807
821
130
504
590
958
695
502
300
743
172
351
916
518
275
647
878
425
718
920
171
18
760
187
68
724
855
698
961
704
933
802
531
171
189
130
676
916
746
876
133
609
32
344
102
310
658
286
539
979
660
965
650
348
559
429
356
229
271
586
597
105
428
708
208
643
771
617
116
686
686
657
57
353
188
786
960
193
321
46
229
609
923
584
327
853
892
999
966
607
377
254
887
88
122
746
267
657
891
768
673
799
267
397
373
308
262
874
951
718
609
118
156
589
705
164
770
54
233
266
204
382
288
957
286
230
203
207
738
865
718
362
199
150
260
576
411
532
328
937
531
292
412
591
995
383
515
16
246
834
156
913
151
201
590
412
763
149
135
801
579
22
566
663
681
592
714
165
983
771
616
856
170
899
924
344
685
584
960
639
461
787
385
811
525
174
658
345
888
473
101
934
305
257
775
380
209
830
466
634
66
402
628
861
981
814
61
646
597
442
365
61
384
963
98
537
596
215
148
370
761
550
394
271
576
226
18
107
698
308
73
628
39
941
922
192
339
659
270
837
873
884
171
327
390
313
94
748
71
498
132
788
832
643
858
53
917
613
816
712
254
694
608
703
407
670
896
983
305
268
171
232
808
260
90
142
976
757
169
903
210
188
65
678
977
996
707
62
587
770
679
296
771
824
50
119
434
411
637
639
239
598
638
791
964
383
302
979
225
192
971
604
222
304
516
736
445
405
584
509
597
747
597
673
942
247
130
26
767
17
604
253
720
719
324
515
90
824
453
344
671
572
853
885
544
521
107
202
107
5
566
13
767
630
89
543
749
576
968
414
285
819
465
689
142
116
152
382
318
455
395
398
713
121
437
470
331
595
175
228
616
160
271
132
636
995
25
467
565
745
465
424
433
932
275
751
424
519
224
179
965
211
910
234
839
909
750
781
603
662
204
513
989
426
930
834
271
422
753
213
807
534
49
781
369
728
702
595
568
239
425
506
901
519
672
46
652
560
921
436
728
185
136
58
11
576
406
887
223
143
639
870
472
152
90
43
178
962
778
885
535
599
552
107
350
620
937
474
596
20
260
997
314
801
762
123
451
968
853
837
959
855
650
849
401
991
424
730
383
473
943
391
375
746
87
540
881
648
409
747
633
202
352
929
738
485
913
516
407
925
889
740
873
250
227
51
995
509
391
704
341
666
749
838
709
621
957
577
679
630
694
42
293
135
727
31
451
686
254
496
696
849
38
232
145
183
886
302
600
765
265
982
79
219
293
355
324
935
872
981
142
550
989
870
335
595
457
382
680
631
402
985
371
987
569
816
326
205
361
669
450
224
984
612
228
298
189
721
586
673
719
761
618
283
118
225
805
591
428
674
258
169
244
392
883
56
32
896
282
610
913
960
818
378
531
707
43
512
640
635
357
753
348
122
303
738
469
841
982
580
135
289
1
782
191
696
949
805
626
559
686
560
799
298
309
585
414
383
552
891
186
112
76
745
644
65
137
292
474
382
265
780
965
917
285
9
415
864
853
265
545
573
392
237
396
165
453
47
121
594
922
874
196
553
691
352
314
262
983
25
946
588
733
250
501
766
468
804
933
511
970
842
786
605
888
703
345
242
460
675
145
843
754
358
309
749
120
603
500
382
408
847
79
649
33
998
154
11
831
924
275
857
426
315
561
742
862
823
489
127
200
88
13
753
588
846
565
727
696
207
840
443
959
999
705
722
398
744
648
341
542
387
357
6
837
600
201
365
895
190
546
107
44
742
3
939
136
2
402
542
999
921
52
319
954
753
479
168
518
81
422
317
770
731
915
698
780
264
258
265
865
616
957
626
633
335
698
698
118
634
62
416
531
639
380
713
682
479
391
750
29
955
733
496
28
53
171
868
245
419
52
932
796
88
697
280
627
984
225
194
4
234
39
218
646
979
999
641
909
433
209
410
822
669
778
381
975
971
727
918
82
780
777
178
256
729
483
129
815
667
436
839
604
253
293
597
58
18
971
225
796
507
981
240
193
775
335
368
344
83
220
459
507
760
924
120
723
557
766
289
906
423
813
954
862
233
948
101
97
876
929
118
455
974
334
813
934
448
965
425
919
749
935
573
731
158
600
597
486
435
611
475
390
498
336
70
93
125
717
211
500
109
17
889
923
938
79
70
24
625
252
454
129
735
363
83
857
717
130
423
916
708
270
136
669
466
252
172
169
673
757
408
359
324
906
281
944
981
445
541
990
585
774
231
47
422
270
247
656
108
959
492
152
376
446
913
266
590
599
322
324
493
392
965
572
628
207
828
522
320
74
887
534
305
764
860
333
711
847
986
708
755
907
963
284
231
945
733
56
376
249
907
546
594
962
68
291
226
72
638
226
579
368
735
389
222
10
515
838
40
76
326
662
3
438
102
507
533
820
5
652
224
440
169
941
45
668
317
418
786
999
951
455
72
328
395
964
826
678
738
524
19
599
514
24
641
228
970
502
142
536
678
869
167
467
274
116
331
17
166
842
547
930
160
103
41
619
863
210
19
908
396
950
648
841
76
417
81
527
200
154
598
107
485
982
481
297
221
406
754
233
173
172
70
4
677
153
262
117
439
998
239
282
968
241
741
149
922
309
621
526
456
686
754
382
755
750
991
622
813
476
166
167
58
461
998
417
433
690
35
46
550
26
265
841
452
116
613
815
350
9
448
931
947
246
533
736
788
13
32
379
240
419
332
684
190
849
594
356
12
814
264
124
2
249
65
915
108
404
872
822
77
147
958
682
349
858
232
824
475
409
68
687
626
804
177
449
173
803
685
837
833
304
453
420
493
141
909
762
184
997
866
574
139
181
444
693
610
566
629
801
387
393
947
521
801
501
613
494
299
629
115
776
68
197
142
51
753
19
729
775
740
232
881
778
160
510
894
580
40
530
832
624
122
156
940
68
795
698
88
61
560
803
941
465
270
77
443
628
91
26
428
345
500
464
17
66
408
688
390
799
466
771
494
356
199
798
39
885
175
813
971
607
461
491
105
303
610
387
984
888
392
119
547
232
236
352
655
587
910
865
766
468
618
530
465
543
676
427
111
370
880
72
287
528
223
741
786
173
203
48
10
629
293
240
802
139
163
270
202
258
59
294
586
145
175
901
733
91
314
292
407
280
978
141
122
556
379
589
238
376
437
595
559
383
98
785
609
627
614
303
662
596
766
879
777
345
670
830
798
993
342
691
959
651
843
870
697
772
355
93
583
465
520
883
24
14
65
139
186
789
914
887
852
206
282
261
818
278
161
314
672
95
240
750
306
842
802
228
804
545
616
967
120
149
252
239
526
5
414
578
454
176
711
166
138
8
5
26
932
226
468
874
428
464
415
156
965
697
109
803
803
275
524
610
204
469
849
753
775
218
693
326
765
400
334
316
179
948
652
620
303
613
308
577
381
987
880
718
980
127
980
233
427
175
728
970
395
139
164
510
919
404
471
155
343
726
115
270
443
26
788
115
834
269
258
916
779
385
314
419
241
381
425
24
447
820
363
399
953
435
25
598
846
770
658
973
287
832
138
664
765
516
292
465
896
896
834
189
79
851
387
857
288
499
831
391
780
663
954
105
178
294
466
88
5
639
620
316
945
251
605
314
130
265
653
642
73
767
117
361
371
571
808
820
99
264
300
31
342
816
212
554
963
684
811
925
98
586
51
187
622
278
590
776
187
478
78
296
820
478
185
584
115
840
625
254
289
372
213
756
794
913
322
852
432
473
395
90
473
372
140
943
822
800
256
169
17
595
225
209
159
480
551
47
847
40
676
271
702
388
179
445
967
850
66
832
674
682
734
241
421
686
585
717
800
45
883
677
78
417
663
205
608
968
119
51
933
76
242
434
212
362
19
109
447
960
657
474
184
500
266
684
497
500
167
582
898
18
975
864
418
699
669
631
130
920
209
622
414
910
245
832
172
966
472
467
129
601
371
717
142
749
139
599
980
403
652
398
855
973
104
650
656
213
713
439
908
978
112
551
221
876
380
245
227
245
943
484
185
781
298
400
269
685
248
720
894
206
415
108
318
715
975
94
10
297
216
51
185
303
949
114
557
135
934
407
775
50
492
513
484
752
532
40
867
836
227
500
908
905
317
369
912
218
923
389
129
637
546
337
838
266
95
231
970
632
988
496
204
490
733
592
508
955
975
772
506
259
725
146
41
729
323
510
511
292
811
605
42
916
81
295
943
421
669
731
190
31
107
547
949
777
340
890
357
813
535
330
495
399
532
552
256
992
194
403
894
146
622
4
722
919
280
77
676
726
451
404
793
430
888
861
141
165
600
218
644
736
695
170
75
641
934
379
290
749
471
327
587
614
476
561
140
126
528
248
49
156
534
311
130
362
552
550
749
295
700
557
516
64
763
506
4
735
461
1
473
482
917
227
640
110
732
253
996
464
943
188
95
454
817
33
569
953
898
147
310
641
53
964
186
719
1000
400
815
540
609
51
54
385
574
287
766
289
484
714
381
46
569
166
278
682
325
891
258
766
450
686
566
44
608
911
469
977
9
699
332
537
890
800
387
915
834
466
347
821
6
944
899
579
828
693
855
234
548
948
21
746
633
233
55
479
8
614
155
96
701
40
333
758
997
427
101
777
144
972
591
995
137
987
944
420
109
939
21
108
442
598
887
795
828
126
239
161
320
410
33
558
758
3
118
361
74
147
671
60
762
778
65
472
363
556
529
849
704
93
677
836
215
96
310
597
87
606
246
420
866
768
259
501
815
848
509
223
480
844
251
879
67
193
311
835
573
110
723
31
56
266
46
515
67
559
23
957
111
76
746
686
600
460
553
258
327
382
891
286
959
723
423
333
219
386
377
628
180
777
571
237
904
848
1000
208
304
709
571
852
415
102
590
504
147
181
56
665
521
105
630
692
137
556
710
734
943
33
881
687
142
617
242
329
653
944
998
92
647
276
438
377
794
837
573
230
516
63
121
636
181
267
328
535
180
132
752
797
73
303
390
397
732
271
708
943
987
34
845
201
769
988
218
284
391
205
295
249
380
903
311
599
974
775
263
625
345
16
657
537
696
694
956
985
726
987
253
190
506
710
455
130
479
591
201
478
115
508
624
809
473
290
829
319
997
148
836
867
846
459
323
883
845
908
478
552
886
757
460
606
969
295
830
364
181
955
369
180
165
75
472
990
67
729
376
773
753
89
181
443
341
483
469
675
597
15
876
536
344
645
923
26
909
684
19
507
534
243
915
270
591
361
43
406
468
597
187
630
967
959
641
261
541
360
776
35
656
774
532
192
514
415
287
924
24
291
699
581
156
2
605
703
733
432
82
986
692
934
51
916
636
588
272
875
628
868
150
373
11
303
210
553
581
722
991
645
14
515
150
22
975
567
994
296
518
890
303
190
325
878
595
824
534
923
287
296
361
12
771
356
93
852
512
875
321
579
978
780
971
138
389
764
167
206
51
920
64
305
35
963
994
875
438
150
122
415
781
8
602
586
417
227
228
558
439
9
811
32
489
582
430
882
825
665
864
494
334
400
364
491
885
116
162
734
329
244
987
525
874
420
220
576
845
861
976
468
716
85
7
833
750
214
495
887
777
736
862
715
330
101
32
93
868
27
874
248
86
915
753
216
827
20
633
309
90
579
710
308
852
159
103
20
503
946
993
876
737
629
865
200
622
17
114
899
688
946
175
669
33
906
708
331
62
82
831
853
112
446
187
399
914
758
988
466
625
211
641
554
695
985
32
93
836
54
919
642
10
514
655
130
602
577
930
729
641
810
470
184
695
854
54
214
43
895
933
638
779
959
847
59
904
597
727
915
604
134
226
84
681
308
382
540
877
953
582
387
934
751
465
965
181
275
670
282
307
358
231
272
33
234
459
853
656
463
723
213
188
351
351
319
190
489
359
725
91
304
815
477
19
574
263
592
704
560
639
724
19
782
765
250
414
210
133
460
48
641
520
906
866
83
220
838
583
365
75
330
244
103
380
747
130
780
968
912
454
13
833
266
483
810
994
645
658
868
277
636
931
907
620
378
581
206
741
220
134
289
720
932
578
653
341
445
207
270
353
233
532
977
39
441
419
563
419
220
491
256
430
296
303
55
827
242
121
527
214
817
179
447
397
880
845
133
395
556
187
430
526
259
452
45
720
752
811
55
544
808
868
738
746
141
394
136
218
493
591
64
209
989
79
726
153
176
635
358
428
182
830
94
178
268
106
298
458
692
653
833
327
448
843
557
354
389
75
13
673
577
620
758
245
861
460
327
703
650
105
98
991
740
773
605
270
334
41
504
10
618
45
547
779
103
746
841
368
863
385
314
686
348
101
122
208
477
515
57
857
610
824
652
85
391
203
301
774
325
404
782
519
23
932
803
515
807
916
330
850
418
67
566
393
415
339
436
948
87
56
363
302
401
826
59
444
44
398
486
82
98
941
236
513
969
116
907
779
68
974
264
178
271
429
278
480
164
753
125
169
182
5
527
214
111
929
378
900
439
273
167
299
481
803
239
326
681
430
485
140
130
640
432
570
960
484
832
876
384
741
205
803
246
245
497
780
134
571
371
526
324
986
412
926
899
291
511
10
587
30
256
293
388
581
846
174
678
231
536
280
387
514
239
65
944
489
107
299
256
753
513
77
997
900
745
345
466
969
588
890
484
834
210
902
580
925
975
255
725
964
292
535
871
765
9
11
421
938
802
927
951
591
318
655
821
830
362
514
732
563
331
396
937
16
60
854
100
686
751
560
310
93
212
240
727
725
270
364
636
416
415
840
488
139
260
944
548
989
658
604
419
639
163
122
947
800
735
377
283
652
386
312
37
242
213
402
17
877
358
995
170
325
42
577
604
862
226
911
603
669
480
100
417
541
416
896
216
2
531
217
814
23
289
732
543
446
726
180
570
28
657
207
959
509
185
560
120
762
898
105
973
399
275
231
629
207
912
237
330
23
601
217
666
881
50
495
880
641
779
712
844
206
742
96
277
734
941
558
203
32
160
884
634
814
507
56
970
408
965
539
992
204
945
382
840
678
418
511
539
3
148
124
825
722
16
533
640
361
5
650
753
256
540
664
204
879
337
708
941
157
499
592
509
817
256
733
791
707
691
446
183
470
35
709
862
836
560
896
484
950
23
593
781
128
67
122
790
327
405
85
20
25
428
215
13
378
8
406
659
860
466
831
836
482
727
826
790
158
615
714
904
505
92
523
79
492
356
540
586
788
238
819
765
798
107
1000
193
815
389
817
720
522
154
138
949
844
70
757
894
816
263
13
322
360
606
68
999
209
242
635
642
516
664
827
447
132
398
271
592
79
38
378
451
770
362
989
928
136
410
992
523
807
562
491
654
799
746
878
837
909
995
108
366
62
36
352
361
241
476
245
598
61
355
846
711
347
767
364
149
934
53
731
844
812
884
523
361
47
91
270
22
879
54
107
510
799
831
329
173
778
96
20
747
221
92
818
903
475
344
60
261
322
801
772
452
513
108
192
859
875
388
852
826
622
255
94
428
574
364
254
569
701
67
823
866
557
794
68
704
926
541
356
608
224
80
158
25
902
925
457
609
233
940
721
289
453
122
930
485
873
77
501
644
547
216
436
658
470
103
501
177
853
461
657
986
66
641
565
926
952
487
81
406
416
917
688
601
635
970
628
202
571
105
868
250
191
899
926
761
400
639
474
828
750
953
503
805
441
595
889
335
774
315
943
700
867
317
719
899
320
57
450
206
3
907
922
819
861
671
163
22
952
54
134
133
83
226
176
736
422
341
487
208
366
971
711
522
638
218
913
284
983
32
672
287
265
807
104
357
532
387
178
486
658
6
453
485
238
969
632
307
699
80
782
105
23
916
100
920
40
268
488
669
702
612
296
353
3
267
743
859
137
968
21
142
927
677
645
874
6
8
850
445
406
423
982
117
775
43
343
117
36
874
107
781
120
982
623
784
82
598
731
929
895
888
772
16
663
606
825
814
683
797
760
697
958
643
546
225
84
994
297
551
62
694
194
989
877
219
762
323
402
35
501
506
255
26
274
89
612
6
493
852
427
859
997
607
253
72
485
221
945
569
948
517
864
872
168
28
281
722
365
678
669
2
713
903
669
813
408
95
783
444
429
178
21
697
33
82
299
343
41
418
503
220
850
650
990
648
35
22
713
919
730
629
5
609
634
808
936
120
34
796
386
896
934
889
88
749
364
38
309
614
49
479
65
295
821
731
98
288
763
435
241
622
203
579
246
887
653
346
101
423
323
230
798
10
726
678
24
840
968
909
410
739
685
991
253
339
823
312
739
523
982
33
32
957
858
472
447
725
571
874
506
241
338
342
142
319
78
342
768
721
659
898
709
629
727
219
637
346
355
793
735
989
59
197
907
187
524
987
782
975
69
473
292
422
956
644
370
953
572
749
921
969
343
230
106
46
799
121
209
869
549
983
143
22
160
980
740
522
833
253
75
764
689
786
281
728
688
958
330
839
461
234
492
890
603
221
290
737
997
146
773
937
309
584
737
758
405
639
741
542
392
748
649
68
864
535
853
240
169
916
197
470
25
651
356
280
212
416
257
574
616
860
774
389
627
262
431
720
947
127
761
469
482
230
726
220
688
70
108
156
768
435
426
151
320
634
587
297
206
411
510
982
235
931
859
536
213
999
569
259
786
132
279
667
442
187
887
729
181
891
477
686
115
955
627
249
248
202
143
768
779
186
864
713
318
196
389
959
901
285
921
741
221
288
432
561
477
38
243
620
607
486
261
989
226
287
470
932
186
360
655
465
767
581
703
830
241
306
157
570
701
758
150
474
10
542
867
953
732
934
378
364
904
148
290
926
136
687
986
211
704
359
367
143
959
751
875
857
599
576
746
367
381
700
892
647
723
431
427
910
751
329
858
887
749
695
111
736
334
352
473
197
244
495
942
843
61
392
966
796
906
225
192
950
882
371
746
583
956
586
833
612
738
334
650
942
184
872
458
17
328
45
839
816
764
905
736
145
191
442
814
446
93
567
573
634
63
88
875
521
469
353
654
253
714
166
39
470
887
30
240
271
340
699
431
471
248
335
287
382
410
647
770
619
233
52
87
79
511
606
391
864
224
745
541
328
418
895
76
461
899
76
601
976
522
606
983
416
316
609
780
675
159
379
5
760
846
390
951
626
760
766
500
414
93
135
238
635
59
931
868
536
820
696
554
540
500
753
340
230
970
258
430
294
934
703
758
903
944
795
762
913
53
227
419
21
576
920
249
700
825
910
414
308
566
212
96
34
278
219
129
737
683
382
137
961
136
12
413
562
678
163
501
672
865
797
974
269
189
82
912
293
596
565
435
135
780
700
636
927
406
824
851
849
749
486
277
225
979
647
804
293
797
589
521
945
804
749
574
534
570
379
725
41
995
954
264
77
771
95
823
129
696
970
948
162
475
230
809
142
982
485
23
251
420
956
799
291
14
805
266
520
559
438
586
879
105
95
818
501
223
925
382
835
822
626
42
94
684
894
435
197
763
283
561
729
575
606
827
44
752
195
219
151
994
219
445
987
941
187
936
721
464
565
372
881
444
88
938
550
770
649
717
547
364
993
502
94
191
108
481
394
884
829
362
5
668
229
862
816
192
106
550
517
286
445
104
476
186
611
955
125
748
250
990
931
241
858
747
652
92
910
550
123
886
477
702
80
873
387
501
425
250
155
761
8
27
975
625
231
964
963
653
355
508
804
232
155
110
108
599
140
250
717
480
926
186
118
267
433
86
869
566
432
321
523
490
122
21
183
304
656
516
277
271
886
292
741
324
724
968
742
924
332
944
904
426
184
433
852
1
648
441
458
379
251
803
249
589
442
994
861
838
200
313
693
16
608
227
576
794
693
923
883
198
888
588
955
206
993
998
167
719
960
990
46
206
302
109
823
983
828
784
121
727
475
539
945
922
574
51
96
489
55
83
424
257
449
273
111
944
324
556
602
310
56
357
691
563
95
880
955
458
726
134
385
307
630
457
685
105
968
162
657
647
68
856
558
436
221
209
19
104
928
960
398
864
461
981
689
472
630
384
437
73
489
53
805
389
567
218
586
322
149
718
895
596
181
630
866
582
578
199
789
302
297
421
324
61
169
311
515
907
911
165
460
448
263
350
191
971
29
631
551
790
275
644
658
386
297
439
427
809
4
756
602
37
363
831
646
118
48
54
907
526
40
915
368
128
243
183
149
155
875
285
525
121
234
322
840
258
83
128
968
700
474
282
435
163
671
504
414
807
760
280
947
217
24
545
766
834
832
228
687
295
423
967
972
386
481
591
580
480
395
708
329
653
674
735
573
46
775
936
761
388
901
517
957
609
406
137
235
587
720
356
154
365
128
110
113
220
161
12
572
141
198
346
469
863
6
536
55
224
235
628
96
686
759
395
922
683
402
949
790
263
427
952
75
528
641
890
815
239
135
329
504
489
791
946
545
984
561
893
643
901
987
455
102
788
432
153
675
502
785
565
28
660
879
685
183
560
1
895
542
6
596
57
123
826
755
97
601
296
496
816
588
731
1000
313
671
952
713
409
539
413
592
83
338
69
861
9
430
183
404
230
12
826
732
655
121
907
174
298
124
495
980
237
367
802
909
899
899
840
552
603
903
354
641
324
693
376
34
182
426
45
649
194
38
592
439
907
911
157
261
858
892
605
366
415
273
985
768
256
789
873
551
416
413
408
340
197
627
308
261
302
532
507
671
182
339
368
534
390
823
904
821
349
927
620
509
295
922
147
967
372
83
970
750
484
788
432
561
636
868
175
696
252
845
998
379
751
104
534
896
914
445
427
532
952
814
597
769
127
107
493
432
654
180
990
603
770
468
766
983
801
165
636
813
803
887
724
417
153
471
698
199
998
805
937
539
966
165
199
283
55
226
61
930
818
982
724
446
537
885
280
880
163
505
684
502
855
747
861
557
41
483
520
427
893
991
919
454
731
115
726
533
460
946
10
476
755
997
724
598
863
26
537
960
457
465
475
671
741
889
244
294
354
303
554
849
996
471
856
415
293
786
984
786
900
889
542
949
350
558
447
77
441
66
257
720
795
230
621
465
568
642
764
903
37
519
287
860
308
956
927
453
940
130
330
351
802
442
894
904
176
612
554
304
545
743
996
618
609
743
386
89
491
687
514
636
637
241
468
106
586
457
542
574
558
165
688
844
456
1000
246
870
702
774
60
608
796
84
647
471
26
127
997
447
96
70
465
3
354
13
148
16
909
446
990
717
44
983
677
564
31
377
303
494
596
537
704
845
410
153
37
601
855
202
398
990
402
648
975
867
861
250
128
606
50
457
19
691
982
411
287
465
260
928
833
584
515
875
422
880
449
701
945
806
298
671
784
580
349
183
799
227
483
627
480
495
485
787
340
379
629
810
267
638
864
675
373
594
738
986
250
332
343
836
29
767
711
549
201
235
165
346
316
801
176
950
413
195
406
342
146
333
126
830
858
35
476
964
884
662
238
114
233
166
454
739
709
330
769
470
248
74
927
511
856
838
324
507
380
617
976
85
419
806
849
11
850
711
5
806
660
182
147
480
140
429
12
930
808
710
940
275
596
401
249
683
123
573
549
475
389
467
982
10
760
266
104
882
78
10
596
628
782
986
801
658
783
837
338
977
124
435
882
793
643
27
682
794
432
907
963
143
657
254
788
26
524
22
734
167
124
917
993
923
35
234
848
552
822
769
107
747
876
974
395
451
905
32
292
762
459
384
50
233
613
868
967
667
15
574
612
434
296
324
804
700
990
679
857
51
654
649
655
26
520
307
177
579
535
11
947
342
112
527
757
659
74
276
94
726
790
27
540
308
212
262
582
839
59
969
947
160
231
298
625
129
876
531
155
826
702
445
963
358
609
720
293
607
4
708
156
202
597
676
735
818
936
2
126
888
300
342
246
413
251
51
553
103
153
747
20
569
472
340
71
454
372
467
131
65
955
306
796
582
875
271
945
871
702
996
218
217
512
614
710
512
170
441
523
383
558
466
858
154
846
947
407
189
334
33
412
424
193
617
669
343
877
432
832
637
932
670
148
523
698
403
867
420
804
763
707
331
342
387
779
880
210
50
778
755
319
355
944
990
708
945
269
19
648
932
558
31
550
647
337
143
172
623
665
254
765
615
461
765
946
207
942
434
239
243
281
565
274
131
193
360
959
340
729
406
837
833
20
692
356
617
287
378
496
290
949
982
518
529
360
932
343
42
454
921
84
112
73
120
488
990
865
612
799
60
752
971
869
786
265
266
343
139
441
635
1000
648
167
28
519
344
77
731
762
315
637
274
214
932
69
843
886
831
204
232
178
783
802
495
314
793
164
306
991
861
2
217
377
833
822
94
160
549
40
309
243
485
308
54
578
601
4
368
203
172
590
20
449
412
845
155
67
156
242
984
941
382
142
154
984
96
922
243
84
85
438
218
528
181
501
509
858
234
269
248
897
576
449
954
137
78
204
170
764
309
679
634
565
289
173
414
321
371
777
777
147
155
133
362
341
868
316
602
288
453
856
175
332
943
462
165
125
609
772
363
798
120
672
596
570
788
268
962
882
194
85
782
945
676
839
139
128
331
340
429
383
824
60
193
18
511
516
111
101
935
774
800
389
38
478
986
478
113
98
268
208
215
80
776
734
307
18
505
16
62
444
844
284
934
604
49
936
659
370
201
875
570
305
155
791
165
447
959
688
832
157
150
654
736
601
421
654
988
638
404
337
537
381
166
283
354
192
660
131
233
589
357
851
739
198
522
131
648
842
228
944
575
703
53
120
985
866
410
658
289
258
698
859
846
906
444
728
63
132
548
654
47
543
753
577
611
517
836
933
506
787
643
581
127
474
675
309
221
381
706
924
913
860
799
875
661
680
796
731
379
156
968
313
388
434
169
711
318
100
882
206
154
319
477
43
904
639
725
380
605
310
421
632
574
395
149
311
645
25
796
948
39
129
805
861
305
939
273
777
969
508
24
606
667
287
342
479
521
487
897
90
210
797
472
772
908
884
1000
922
662
595
309
186
199
722
281
137
991
49
304
919
415
555
868
108
170
465
517
46
503
707
893
862
684
172
127
53
670
492
783
357
261
41
192
65
951
329
991
841
979
190
761
461
663
290
463
777
404
879
272
529
289
281
836
413
729
145
83
796
560
646
891
634
494
282
56
238
942
248
165
808
529
733
383
399
363
450
423
590
230
586
802
326
449
346
622
593
180
993
687
770
831
311
890
248
646
838
393
214
302
571
508
767
905
555
891
482
530
196
459
240
929
255
899
981
199
156
613
122
32
210
256
988
307
3
980
906
875
499
162
733
784
519
788
766
655
140
892
931
71
416
281
759
277
584
139
302
193
987
111
932
389
86
922
238
218
678
779
801
545
980
429
614
903
62
195
875
127
524
975
147
282
644
215
447
105
319
580
95
606
475
74
106
585
198
639
675
905
451
208
380
103
913
15
753
233
193
393
222
657
861
765
618
629
773
140
39
633
447
787
11
179
13
307
613
479
735
516
990
135
29
261
787
906
916
672
233
422
470
16
236
19
151
331
947
878
518
358
209
872
457
158
346
346
810
633
1000
123
927
908
750
147
802
5
803
442
365
751
908
680
609
557
460
783
541
758
254
395
765
833
720
200
153
425
62
680
718
460
872
762
97
54
265
8
819
775
796
646
558
463
1
672
274
880
236
432
152
335
252
948
794
489
461
219
163
383
516
726
855
77
494
500
190
225
40
388
505
717
819
24
151
858
639
734
99
54
824
240
364
18
140
94
718
877
458
850
327
68
919
172
517
712
760
81
65
76
591
472
475
653
898
254
521
364
703
804
674
595
131
995
37
241
661
63
821
212
145
976
52
412
643
53
532
499
18
276
179
942
181
210
150
498
964
789
100
820
299
482
806
725
675
793
420
401
6
512
479
729
720
68
6
688
826
571
534
27
424
714
458
994
436
868
73
96
808
736
409
159
225
107
881
474
635
708
633
941
805
186
135
104
966
669
324
864
667
492
42
738
582
72
133
819
52
951
297
940
820
849
284
889
397
929
850
839
72
160
127
19
119
509
507
244
349
392
743
640
997
877
362
911
723
937
76
516
704
425
545
22
198
677
587
893
606
130
847
872
368
436
83
910
921
914
104
380
850
133
514
637
662
219
427
902
171
298
789
399
91
110
909
19
159
129
781
421
780
618
121
346
224
903
471
551
553
268
972
200
14
862
816
340
673
214
886
613
550
817
550
984
889
621
176
464
240
26
52
143
590
726
360
650
231
906
659
436
540
315
188
946
550
732
740
176
434
560
423
702
373
468
704
280
937
816
909
824
602
179
852
839
9
457
150
274
738
474
434
506
230
154
98
958
344
34
68
639
754
262
124
174
885
449
627
938
122
818
306
874
884
705
789
408
942
866
69
988
239
949
121
79
790
256
836
585
715
83
741
822
795
434
439
790
276
312
695
773
902
600
970
784
997
585
375
399
38
434
841
325
401
131
125
442
762
310
285
493
492
362
173
559
671
255
986
594
338
509
690
819
689
230
994
12
161
791
47
569
489
855
249
401
419
119
87
43
280
337
195
205
57
866
943
289
7
993
474
80
491
597
153
852
962
52
665
189
994
211
145
49
535
414
541
573
402
9
517
119
967
280
412
334
413
925
206
156
26
219
484
71
971
123
168
456
83
541
70
425
278
829
642
354
256
805
540
897
393
787
343
774
346
206
573
897
122
332
508
404
136
353
379
185
385
87
18
292
500
796
381
314
696
863
296
807
658
925
557
611
538
228
704
526
207
755
791
285
740
283
805
878
756
58
297
56
230
981
123
999
172
859
117
945
3
485
177
805
885
595
452
502
620
986
601
521
276
643
118
31
800
668
556
784
938
243
308
892
612
990
541
530
779
299
61
406
315
619
420
926
418
553
734
471
807
729
823
68
593
293
400
854
53
260
95
401
621
705
62
488
980
405
809
638
591
229
225
726
545
220
624
918
670
36
25
865
175
317
863
588
649
988
398
442
956
807
996
767
185
284
964
252
122
557
649
60
933
451
457
567
406
854
941
346
592
199
411
620
704
950
590
429
735
310
310
489
662
928
540
834
315
441
505
323
492
923
831
128
163
580
936
536
979
342
639
595
776
596
62
88
515
521
278
561
77
366
728
123
633
653
21
359
90
664
237
294
732
778
185
505
664
933
728
338
288
309
913
690
886
1000
362
32
796
924
201
810
989
209
785
684
316
623
299
665
436
514
254
508
788
263
211
436
571
807
86
430
972
52
446
361
934
27
808
670
97
35
366
912
692
941
568
155
338
612
456
905
7
383
801
484
153
657
103
246
546
788
419
777
548
670
52
788
37
674
92
762
190
525
400
682
613
292
134
941
2
4
40
258
735
738
446
460
146
778
915
464
14
267
831
719
108
423
356
198
184
229
624
351
927
911
162
111
745
395
694
880
23
848
840
843
607
790
871
622
208
600
52
470
15
662
37
764
216
928
341
414
731
616
978
295
802
769
68
674
286
529
984
2
814
976
240
570
153
394
92
439
822
440
411
901
519
879
520
661
339
214
342
996
257
395
322
617
1
722
531
894
537
743
612
389
21
24
803
201
362
833
946
288
395
107
727
469
598
282
656
582
80
589
466
804
870
738
466
288
898
859
923
21
876
156
895
988
93
230
393
404
698
211
405
456
22
695
651
108
812
277
570
14
939
819
526
267
333
827
277
21
795
253
655
986
667
440
383
786
407
931
605
506
709
717
702
502
967
921
894
990
671
829
53
341
96
176
992
447
463
403
572
918
539
399
101
25
535
192
767
155
535
748
916
795
861
209
273
835
929
798
598
570
250
870
671
591
5
175
288
58
94
450
261
665
342
225
122
157
242
353
218
427
454
200
779
400
510
241
708
719
987
569
813
35
142
580
78
494
821
310
496
421
74
220
161
272
33
722
43
722
228
924
807
632
500
259
751
662
625
275
824
129
266
188
1000
606
123
932
684
490
69
7
98
815
854
759
834
646
210
946
205
427
285
484
22
798
135
105
976
339
624
817
350
368
609
574
385
848
289
269
183
915
481
905
850
638
887
143
442
825
831
798
691
446
118
423
861
643
171
540
753
493
99
131
141
364
435
42
508
93
975
437
585
527
885
290
963
17
170
228
561
350
111
401
917
443
625
260
269
643
313
910
541
819
559
337
939
185
307
642
323
454
632
821
774
373
950
244
303
693
204
917
825
648
848
861
955
717
191
611
257
364
329
348
854
355
579
903
41
290
639
220
112
874
667
87
63
449
55
680
549
635
74
888
706
276
567
595
229
673
397
54
337
220
717
322
299
923
607
853
18
476
391
947
250
943
280
794
986
325
589
547
657
640
228
980
728
143
938
578
341
753
344
250
945
280
64
986
532
216
508
145
159
501
923
374
374
301
125
688
718
165
955
346
478
812
208
67
195
771
559
741
521
80
533
889
1000
740
155
258
332
104
953
735
195
181
642
805
566
410
197
974
53
99
930
137
717
262
552
730
679
884
657
629
794
664
469
609
467
567
764
58
696
1000
793
218
789
307
78
567
223
917
496
385
903
419
778
163
455
36
541
650
988
993
382
580
101
197
212
700
364
86
219
48
104
510
395
5
699
394
606
570
49
909
303
101
499
544
121
290
803
230
654
893
923
570
480
493
79
363
114
758
947
304
797
967
866
175
106
246
929
260
677
755
429
573
128
223
179
474
906
749
278
962
636
247
143
189
496
675
662
49
591
141
904
691
124
65
369
960
763
680
593
581
926
987
392
492
959
468
338
339
131
285
76
341
504
708
57
837
768
892
20
538
71
373
719
319
590
879
540
926
909
950
742
477
176
94
514
786
525
440
47
610
956
282
983
828
207
792
187
113
844
356
642
588
554
429
865
824
555
34
575
32
678
106
877
156
340
697
682
676
903
891
717
73
706
10
775
789
783
611
530
986
645
624
332
752
99
991
139
28
613
347
39
374
809
153
904
680
706
314
401
676
87
599
863
337
760
964
803
419
820
621
823
173
710
48
197
860
602
855
835
572
944
608
475
990
94
381
579
27
676
655
280
131
702
758
74
339
774
372
169
824
184
668
250
19
555
32
21
933
479
51
363
379
614
142
705
782
531
978
415
12
623
325
262
407
156
628
339
659
658
883
861
880
322
438
255
366
204
254
538
793
674
509
693
357
640
73
347
270
288
625
462
437
92
642
792
388
677
610
175
537
119
984
428
499
90
69
966
106
655
916
865
450
808
16
711
872
864
588
504
807
770
413
814
284
40
698
211
619
149
474
243
150
777
422
369
721
275
331
543
559
7
171
953
599
400
662
70
8
904
339
334
192
343
702
576
7
867
161
322
549
330
122
211
191
131
175
561
816
527
543
603
443
154
201
812
882
986
144
712
887
249
863
457
800
703
431
548
27
558
501
900
183
294
608
753
114
185
697
142
50
918
939
808
442
254
719
2
227
431
725
75
144
155
382
185
129
363
431
307
671
488
130
901
167
794
402
230
183
487
338
276
469
120
869
90
274
933
863
179
288
176
14
734
103
762
186
324
263
496
821
134
711
564
19
671
928
869
238
172
443
544
808
536
299
470
336
190
121
271
413
468
943
783
145
778
506
624
749
612
807
66
404
127
511
511
287
585
348
661
650
665
278
300
957
49
342
31
576
817
959
37
149
557
358
209
284
380
163
959
352
357
914
12
391
101
535
895
227
598
250
467
464
128
605
571
467
456
234
487
425
710
814
528
635
76
489
44
398
242
800
223
123
627
780
477
734
590
477
733
694
854
160
844
429
940
56
600
706
378
871
10
463
209
377
865
192
565
553
5
384
59
984
706
662
141
421
584
357
838
406
236
767
948
175
827
923
678
973
669
722
99
899
102
895
923
488
585
51
526
727
94
325
412
801
793
191
955
894
784
433
708
791
696
992
539
151
413
745
375
629
41
52
41
480
813
811
507
516
194
556
564
746
722
581
541
392
183
786
89
465
754
744
683
143
707
447
421
715
710
818
866
396
388
135
224
434
656
131
220
290
143
309
676
288
163
678
865
514
728
415
44
796
850
766
566
615
707
125
793
73
200
220
461
586
145
297
915
389
986
558
407
86
185
842
408
897
947
387
635
970
854
354
528
423
980
594
914
664
65
849
288
50
22
472
258
991
282
752
36
245
764
476
375
552
771
967
627
720
336
343
990
49
18
875
148
309
29
373
292
310
656
890
259
475
740
895
63
426
901
134
723
628
728
455
334
659
164
397
596
903
133
148
962
671
403
266
28
197
604
753
77
984
201
436
553
989
71
736
204
429
575
977
406
636
696
133
288
160
50
888
930
63
230
730
187
428
120
591
855
384
559
497
973
738
687
76
569
852
353
200
677
409
395
573
385
378
928
720
262
402
441
559
923
439
106
503
523
798
328
746
55
236
817
981
989
901
130
581
152
450
791
268
258
758
558
76
211
907
836
664
440
670
758
967
497
696
347
472
955
56
357
640
374
80
119
263
165
509
34
442
270
537
214
665
610
652
104
704
773
402
103
261
792
600
127
220
418
500
171
818
454
958
468
851
263
304
896
808
166
466
636
764
471
784
677
34
710
237
421
553
137
283
115
326
710
609
648
177
761
118
382
99
425
148
899
678
132
258
724
3
435
298
997
689
511
649
87
186
413
684
964
991
448
497
473
610
817
386
395
116
18
501
642
208
213
48
26
693
402
327
171
561
370
475
692
787
822
358
68
500
99
908
934
783
480
885
942
668
958
973
169
94
650
844
497
748
137
967
713
124
97
501
703
154
35
396
758
793
240
159
799
998
266
764
294
15
298
521
97
750
730
614
1
529
667
655
978
152
889
921
743
30
882
676
664
302
235
428
974
426
347